$ANSIBLE_VAULT;1.1;AES256
38383634643837373330366430333838373839366664323165666364333565313537616133356564
3334646262643136303839373933393037336631343330620a646661616336646535343335346139
38353933623639393038336462366339333866633238336362383932376362316462363164366161
3433663536636436640a636334613736313539363532386333386166656138616538613730306631
39313863376637303134333361303361333533666461653835303838326563373332323462363730
31306139366130613264353261343863323062633132666435393135343164323934326339366638
63303966383633343338353030303331366165623032666166363630303666656330626539363366
32653332363036613834363935376366623633616237393437333466356631386531653639316235
31626634383638663737363438333236663766396566396232386363336436333863313866626364
62663633366234373832633462366132626264393731393564393561666334373130343964376637
34346266323832383063363338613635313937613932636436303162626431353833623863386635
35383665356664646132353437343337366161363338323139333930613135626132643038393165
3036
