$ANSIBLE_VAULT;1.1;AES256
32653565356665343335383362613663363365373038623135386464376639336162303631656238
3538336431633739613633623839306164646137643831370a363631363333333138643535306439
66303736666537373262623639373564363662633037633232653663313933373538363839313531
3536353136383338640a323363326664393134616163633939393939383236613530623766656265
63623436336365653466663831313730356337656533336532653837373333303838616366613535
33346335323139363739646563363931383662316265653630373634366462626332653039613063
63346566306364346135353933383365393063336433656132343665366432306131336231643938
33663539623431623336376265363730663961653034306439343438373932613439386430666336
35643838623839363131643633613062313636316164383234396432623235643564613537303532
61333364663232643138653130393663626230313832393364313566336562616564633034366330
39313038323366653938396137623334326462303735653161633834613737386664363931666332
35396136353939646537366363643238393863666433356437303131613464356436653034343339
31653138386263613436653163616133363833623037616461313832393433633034643330373465
37313533633865306232613337303962396534353233653339313265393336386438663539303039
643466613165353935316436663463653631
