$ANSIBLE_VAULT;1.1;AES256
66666164313336303730663334383763393131373332343566333430666335376265306335363961
3432636135343766633733393530333033333365373563640a636438633861656563643832616664
32633865646134346465376339353164393135383363643539623439303562396232393939316333
3162303930356465390a316432333734386438633565663466613039343831653335353830653430
34616263316136386134646464316464373336623366623034353232633232643336303039626637
30626339373432396564643335396439333464656466303663663036393237346561343963306563
35316465303664306537616163626463343466326436656432373065663863383534633338653763
34666332353066366466376135666166656664396234363235643139623765356163306230323737
62323334316635306331656132353364363830376166383365353834613563323962653434666534
37613435383635633763613863626664386134623264383235393632666537303834333866373266
65623431303936396461643538373636633865326435356330653439316263353764373030326435
35326630396462363033383630336533343566316131336535623439346532373631373735326630
33306536623466313464653135353365313936313066336365303031333066316234376561383566
39653736663336636637353532616462636133393563316161333138383266353337376537613366
36653234316630623437353031383330396638333861303063633439356663636139326464343237
39643062633735633566366165623235313062376335343037356631616239363734363539653730
66653865366463613430333465613538623731303336653532326230363962613431666138326333
63353862373562633261383561663265313165353662613939626431353862313933323065653031
39656261333461346361653339633533393436643837343537656332646336353763333065623563
64323032633133383034363865396165343738323332626539326561666163393035386139656364
30663131363865303632383066623930373739626366636232356663356231626532616637616362
63386564613735643431633136383261353762636638386635313233623635393533303237376430
61376537666162346339626136373733633866353830666139363636363465306137313761383531
38626139366635363136633134346364386236343239656132666461336132363763626565643338
30373731393631386539353033633236323637663232386365623536316332323835346464343030
32366636353030346230316633376138396162323165626635393961636437303630616234306439
32363830623763343762313435666465373261633063313239653431636466616164353764636564
64643165326536393065386265656531333235393035326331613737366363366433663333376233
38323237653037326364643339336631333535393430346136656537353365623039666130333439
36333836623130393866616330333064333565663332346539666534383830326536663230326138
61636635616436646532306237613738373739663664376336646261386438626263363636346662
30396335656366326630643438323165313732613862316165616135316261663862313661626231
64356232663833343637346330623234663933363366306534373034333566626663653437313537
65376231623839633961336431633364323232393336383338636238643239623236353532623831
39333031393433643837623633643532376331653838396534336464333664306164666236336530
66376666643163666231333539333065303135636164613835376263646237363564646363316131
39663130363131366133303330373961363332336234646563353161386330663837633730663263
39333866346132363137636434656465383430643465643061353965393030336265336132396237
63383362346639343066393231366365623031326537313932356633646133376562376233393536
61623962633062653061633835613937653435396139323936653633616338633563656430633636
64346238323365323730363062613331343633613538343533656335306135653062636136346563
31376230323435303661666634346465313232386336353733386630326234313964386264663239
61333566633231623961336637386565666233386563643262396639396434643832363532373037
62393562333738643037626231383631653863343263386338653661663361663639666531343139
35653562643939393530373935613239663036383039616433653939303339633236613537643431
63633564393165313332316533383336613535313462366436623330373065373531363765666665
30383830306365656639636330366339353634303366363739636438303234326631613234343239
62326537363461383338333334316533643461303334306263616332656437366631343239323330
33626133656562653762336230343465346637663337626132383939633262356636623138616363
33353732336338653137323861316664356466636234393539653664306433663366313036303637
35343131316436653739303031333963396530613938383763666533333638356466333336356638
61333437616632313431633665366663393963646364636335353832643134353538653665666639
33393338613534306263333465663332353631643836353933643030383130363635306637333561
62663839376236353631333437303665326538356264366336663636613239643165663938376165
63616265366131396537623637636639636135313161333462306636363766316265303965343435
34646465613037316362353362626436396534366464396331633665393766356232346639343763
30323431623963323065326633386632633965623962616261636136306265306332616639343637
33653064306630326233306438336137366138633834356164623861643465366339333337333466
64376237323962653636663861373764626437386566393131653066383134383466343830613033
38373562343762663031363532363062393035656462613564363531613061373663356430386434
37386434333634633265363562363462653234373230363231646365343765353239373037663931
39363139313737623462646631306239323566616232363335343934363336643962353464363637
36353839376130393161643365393936623539623931316233636536313461643133386139663535
30336163613137336132663066666362313536393066326563363933393464376437356631343239
65333063663733643666616631376638373830323033376332656565666333386239306633656362
66343139613765343937313866336636613466653132356236356162336265633435613134633563
32666336336330616563653737396166653963393939613964626332303531643165393663353762
31316533353039613231336539343439363435643534313830623465626563663737616135376339
35373031666238666331326237643762376530666333363762346636626464346337333434616263
66303438323237343638666536643039366634353261343862623733636439353262353131373366
39336133643230306230386431313635623461323739313764636438656166663764343464386634
33646630393134306166346565333434323936616432376262663434643732326134346165626631
33363464343064323835383631366565353538663933316335626531356638366637353662653138
35633235303965626161653835653633346237316266353162353732313866353639313634313064
64323961343962306166383465353361623965353664356533663264303233616330306235646662
61353838356363353139653135373030613062326339323261316133376533303231353335373032
36336366313764386634313665306436613931386537316637376463303138373861616364353839
65646630343365626534343937643936306330343339326131363866383362373561363832663962
37623638663239396538396232383737636338636333373562306438303763613735313164636234
30393962346261636335356666363035313062353864316164313736376337393163623635373362
37356362386235653039636565336636643266393836613263373266613331376232333933323063
61333766363361366564613738303566383631323838653831393233643036623162343932336161
62373835633764656336343262666635313139393561373435653733613663303265386332383365
66356661313333663063326433393739666139636335623138346165303166643937656639643639
62383765646161353134336564646636323138383038613739346238336435653531313065623338
65373264333938363765303439363833643935666530666634386434366566373134363035323930
34346235333565323335663531653366303637653562613339623233656131373531393663356639
30623437326664663965
